
% Vehicle Model parameter

m  =  2000;  %[kg]  
Iz =  3000;  %[kg*m^2
l  =  3.15;
lf =  1.6;
lr =  1.55;
Kf =  80000; %[N/rad]
Kr = 160000; %[N/rad]

a11 = 1  ;
a12 = 1  ;
a21 = 1  ;
a22 = 1  ;
b11 = 2 * Kf;
b12 = 2 * Kf * lf;